200,09900401001100202408020010042314534032024051500001    I 0001000000682278000000000000000002000000000000102030020342314534150520240006769880006822781300000000000100000068227810102000101
200,09900401001100202408020010042776131052024060300002    I 0001000000987303000000000000000001000000000000102030020342776131030620240009873030009956121500000000000100000098730310102000201
200,0990040100110020aaaaa20010041296862032024050200003    I 0001000000464702000000000000000002000000000000102030020341296862020520240004602360004647021300000000000100000046470210102000301
200,09900401001100202408020010042773089032024060300004    I 0001000000457193000000000000000001000000000000102030020342773089030620240004571930004612671300000000000100000045719310102000401
200,09900401001100202408020010042283422042024061400005    I 0001000000319096000000000000000001000000000000102030020342283422140620240003190960003220691400000000000100000031909610102000501
200,09900401001100202408020010041569954012024050700006    I 0001000000760447000000000000000002000000000000102030020341569954070520240007540030007604471100000000000100000076044710102000701
200,09900401001100202408020010041569953092024040800007    I 0001000000762852000000000000000002000000000000102030020341569953080420240007563880007628521900000000000100000076285210102000801
200,09900401001100202408020010043099157072024080200008    I 0001000000492753000000000000000001000000000000102010020343099157220520240004927530004927531700000000000100000049275310102000901
200,09900401001100202408020010043099160052024080200009    I 0001000000395874000000000000000001000000000000102010020343099160220520240003958740003958741500000000000100000039587410102001001
200,09900401001100202408020010042310969092024051500010    I 0001000003697981000000000000000002000000000000102030020342310969150520240036711720036979811900000000000100000369798110102001101
200,09900401001100202408020010041559314092024050700011    I 0001000006326511000000000000000002000000000000102030020341559314070520240062759680063265111900000000000100000632651110102001201
200,09900401001100202408020010042319267062024051500012    I 0001000001712983000000000000000002000000000000102030020342319267150520240017003370017129831600000000000100000171298310102001301
200,09900401001100202408020010042334918002024051500013    I 0001000000775957000000000000000002000000000000102030020342334918150520240007699980007759571000000000000100000077595710102001401
200,09900401001100202408020010042313340012024051500014    I 0001000001658502000000000000000002000000000000102030020342313340150520240016462460016585021100000000000100000165850210102001501
200,09900401001100202408020010043018285032024070200015    I 0001000001181071000000000000000001000000000000102030020343018285020720240011810710011909241300000000000100000118107110102001601
200,09900401001100202408020010043018284072024060300016    I 0001000001225111000000000000000001000000000000102030020343018284030620240012251110012353201700000000000100000122511110102001701
200,09900401001100202408020010040428939032024040300017    I 0001000000174261000000000000000002000000000000102030020340428939030420240001725950001742611300000000000100000017426110102001901
200,09900401001100202408020010041900136012024050200018    I 0001000000349090000000000000000002000000000000102030020341900136020520240003456290003490901100000000000100000034909010102002001
200,09900401001100202408020010040428935062024040300019    I 0001000000189561000000000000000002000000000000102030020340428935030420240001877880001895611600000000000100000018956110102002101
200,09900401001100202408020010041900132092024050200020    I 0001000000238154000000000000000002000000000000102030020341900132020520240002356610002381541900000000000100000023815410102002201
200,09900401001100202408020010040428937092024040300021    I 0001000000079311000000000000000002000000000000102030020340428937030420240000783250000793111900000000000100000007931110102002301
200,09900401001100202408020010041900134002024050200022    I 0001000000131447000000000000000002000000000000102030020341900134020520240001298840001314471000000000000100000013144710102002401
200,09900401001100202408020010039795209032024020100023    I 0001000000623181000000000000000002000000000000102030020339795209010220240006188070006231811300000000000100000062318110102002501
200,09900401001100202408020010039795212032024030100024    I 0001000000444617000000000000000002000000000000102030020339795212010320240004406720004446171300000000000100000044461710102002601
200,09900401001100202408020050000981851022024031500025    I 0001000000439729000000000000000002000000000000102031020300981851150320240004356320004397291200000000000100000043972910502000101
200,09900401001100202408020050000981852022024041500026    I 0001000000578635000000000000000002000000000000102031020300981852150420240005733820005786351200000000000100000057863510502000201
200,09900401001100202408020050001019621022024051500027    I 0001000000846570000000000000000002000000000000102031020301019621150520240008397910008465701200000000000100000084657010502000301
200,09900401001100202408020050041442423052024050200028    I 0001000001248986000000000000000002000000000000102030020341442423020520240012360520012489861500000000000100000124898610502000401
200,09900401001100202408020080042368599012024051500029    I 0001000000424425000000000000000002000000000000102030020342368599150520240004209750004244251100000000000100000042442510802000101
200,09900401001100202408020080041290937062024050200030    I 0001000002731037000000000000000002000000000000102030020341290937020520240027068330027310371600000000000100000273103710802000201
200,09900401001100202408020080041558023072024050700031    I 0001000000195240000000000000000002000000000000102030020341558023070520240001932750001952401700000000000100000019524010802000301
200,09900401001100202408020080041558022002024040800032    I 0001000000173026000000000000000002000000000000102030020341558022080420240001712340001730261000000000000100000017302610802000401
200,09900401001100202408020080041558025082024050700033    I 0001000000475846000000000000000002000000000000102030020341558025070520240004693630004758461800000000000100000047584610802000501
200,09900401001100202408020080041558024082024040800034    I 0001000000376523000000000000000002000000000000102030020341558024080420240003709750003765231800000000000100000037652310802000601
200,09900401001100202408020080041553533012024040800035    I 0001000000164839000000000000000002000000000000102030020341553533080420240001631120001648391100000000000100000016483910802000701
200,09900401001100202408020080041553536022024050700036    I 0001000000195242000000000000000002000000000000102030020341553536070520240001932770001952421200000000000100000019524210802000801
200,09900401001100202408020080041556281062024040800037    I 0001000002891595000000000000000002000000000000102030020341556281080420240028633460028915951600000000000100000289159510802000901
200,09900401001100202408020080041556282062024050700038    I 0001000003990769000000000000000002000000000000102030020341556282070520240039521610039907691600000000000100000399076910802001001
200,09900401001100202408020080001001824062024050200039    I 0001000000361681000000000000000002000000000000102031020301001824020520240003566150003616811600000000000100000036168110802001101
200,09900401001100202408020080001001825022024060300040    I 0001000000468126000000000000000001000000000000102031020301001825030620240004681260004738281200000000000100000046812610802001201
200,09900401001100202408020080042331662072024051500041    I 0001000000215703000000000000000002000000000000102030020342331662150520240002137440002157031700000000000100000021570310802001301
200,09900401001100202408020080042331674052024051500042    I 0001000000837903000000000000000002000000000000102030020342331674150520240008315010008379031500000000000100000083790310802001401
200,09900401001100202408020080042331676012024051500043    I 0001000000349536000000000000000002000000000000102030020342331676150520240003466210003495361100000000000100000034953610802001501
200,09900401001100202408020080042331678092024051500044    I 0001000001245428000000000000000002000000000000102030020342331678150520240012361190012454281900000000000100000124542810802001601
200,09900401001100202408020080042331680032024051500045    I 0001000001153940000000000000000002000000000000102030020342331680150520240011452870011539401300000000000100000115394010802001701
200,09900401001100202408020080042331638032024051500046    I 0001000000257574000000000000000002000000000000102030020342331638150520240002553160002575741300000000000100000025757410802001801
200,09900401001100202408020080042331640052024051500047    I 0001000000868394000000000000000002000000000000102030020342331640150520240008617790008683941500000000000100000086839410802001901
200,09900401001100202408020080042331664062024051500048    I 0001000000948791000000000000000002000000000000102030020342331664150520240009416000009487911600000000000100000094879110802002001
200,09900401001100202408020080042331666002024051500049    I 0001000000165697000000000000000002000000000000102030020342331666150520240001640940001656971000000000000100000016569710802002101
200,09900401001100202408020080042331682062024051500050    I 0001000001603054000000000000000002000000000000102030020342331682150520240015911920016030541600000000000100000160305410802002201
200,09900401001100202408020080042331684012024051500051    I 0001000002041078000000000000000002000000000000102030020342331684150520240020260910020410781100000000000100000204107810802002301
200,09900401001100202408020080042331642012024051500052    I 0001000000590134000000000000000002000000000000102030020342331642150520240005855020005901341100000000000100000059013410802002401
200,09900401001100202408020080042331646082024051500053    I 0001000001112359000000000000000002000000000000102030020342331646150520240011040000011123591800000000000100000111235910802002501
200,09900401001100202408020080042331650082024051500054    I 0001000000749184000000000000000002000000000000102030020342331650150520240007434200007491841800000000000100000074918410802002601
200,09900401001100202408020080042331670092024051500055    I 0001000001015327000000000000000002000000000000102030020342331670150520240010076600010153271900000000000100000101532710802002701
200,09900401001100202408020080042331686062024051500056    I 0001000001262060000000000000000002000000000000102030020342331686150520240012526340012620601600000000000100000126206010802002801
200,09900401001100202408020080042331688092024051500057    I 0001000001345230000000000000000002000000000000102030020342331688150520240013352100013452301900000000000100000134523010802002901
200,09900401001100202408020080042331644052024051500058    I 0001000001345230000000000000000002000000000000102030020342331644150520240013352100013452301500000000000100000134523010802003001
200,09900401001100202408020080042331648052024051500059    I 0001000000469836000000000000000002000000000000102030020342331648150520240004660630004698361500000000000100000046983610802003101
200,09900401001100202408020080042331652052024051500060    I 0001000000636403000000000000000002000000000000102030020342331652150520240006314410006364031500000000000100000063640310802003201
200,09900401001100202408020080042334922082024051500061    I 0001000001895705000000000000000002000000000000102030020342334922150520240018817560018957051800000000000100000189570510802003301
200,09900401001100202408020080042331690012024051500062    I 0001000001650181000000000000000002000000000000102030020342331690150520240016379870016501811100000000000100000165018110802003401
200,09900401001100202408020080042331692002024051500063    I 0001000001777708000000000000000002000000000000102030020342331692150520240017646020017777081000000000000100000177770810802003501
200,09900401001100202408020080042331654092024051500064    I 0001000000877177000000000000000002000000000000102030020342331654150520240008705000008771771900000000000100000087717710802003601
200,09900401001100202408020080042331656092024051500065    I 0001000001004239000000000000000002000000000000102030020342331656150520240009966520010042391900000000000100000100423910802003701
200,09900401001100202408020080042331658082024051500066    I 0001000000587822000000000000000002000000000000102030020342331658150520240005832060005878221800000000000100000058782210802003801
200,09900401001100202408020080042331660062024051500067    I 0001000001048593000000000000000002000000000000102030020342331660150520240010406900010485931600000000000100000104859310802003901
200,09900401001100202408020080042331694052024051500068    I 0001000000181106000000000000000002000000000000102030020342331694150520240001793940001811061500000000000100000018110610802004001
200,09900401001100202408020080042331672032024051500069    I 0001000002177703000000000000000002000000000000102030020342331672150520240021617390021777031300000000000100000217770310802004101
200,09900401001100202408020080043078024022024052100070    I 0001000000324325000000000000000002000000000000102010020343078024210520240003243250003243251200000000000100000032432510802004201
200,09900401001100202408020080043078026002024052100071    I 0001000000260010000000000000000002000000000000102010020343078026210520240002600100002600101000000000000100000026001010802004301
200,09900401001100202408020080043078025032024052100072    I 0001000003000000000000000000000002000000000000102010020343078025210520240030000000030000001300000000000100000300000010802004401
200,09900401001100202408020080042325084062024051500073    I 0001000000292750000000000000000002000000000000102030020342325084150520240002902390002927501600000000000100000029275010802004501
200,09900401001100202408020080042325085082024061400074    I 0001000000282234000000000000000001000000000000102030020342325085140620240002822340002849121800000000000100000028223410802004601
200,09900401001100202408020080000989507082024050200075    I 0001000004793344000000000000000002000000000000102031020300989507020520240047486720047933441800000000000100000479334410802004701
200,09900401001100202408020080041295038012024050200076    I 0001000013144500000000000000000002000000000000102030020341295038020520240130073700131445001100000000000100001314450010802004801
200,09900401001100202408020080041448473012024050200077    I 0001000000761086000000000000000002000000000000102030020341448473020520240007540390007610861100000000000100000076108610802004901
200,09900401001100202408020140042370720032024051500078    I 0001000001591399000000000000000002000000000000102030020342370720150520240015796210015913991300000000000100000159139911402000101
200,09900401001100202408020140041455683032024050200079    I 0001000002331225000000000000000002000000000000102030020341455683020520240023105060023312251300000000000100000233122511402000201
200,09900401001100202408020140041438209002024050200080    I 0001000001408452000000000000000002000000000000102030020341438209020520240013957660014084521000000000000100000140845211402000301
200,09900401001100202408020140041438208022024040300081    I 0001000001243523000000000000000002000000000000102030020341438208030420240012312970012435231200000000000100000124352311402000401
200,09900401001100202408020140040934468072024041500082    I 0001000010109859000000000000000002000000000000102030020340934468150420240100135810101098591700000000000100001010985911402000501
200,09900401001100202408020140042382595032024051500083    I 0001000000132639000000000000000002000000000000102030020342382595150520240001312720001326391300000000000100000013263911402000601
200,09900401001100202408020140039985887092024030100084    I 0001000000080864000000000000000002000000000000102030020339985887010320240000798050000808641900000000000100000008086411402000701
200,09900401001100202408020140041456692002024050200085    I 0001000002558735000000000000000002000000000000102030020341456692020520240025360330025587351000000000000100000255873511402000801
200,09900401001100202408020140041466055002024050200086    I 0001000001766575000000000000000002000000000000102030020341466055020520240017507690017665751000000000000100000176657511402000901
200,09900401001100202408020140042375586012024051500087    I 0001000002410509000000000000000002000000000000102030020342375586150520240023928870024105091100000000000100000241050911402001001
200,09900401001100202408020140040937444022024041500088    I 0001000000960642000000000000000002000000000000102030020340937444150420240009526120009606421200000000000100000096064211402001101
200,09900401001100202408020140040937443042024031500089    I 0001000000733117000000000000000002000000000000102030020340937443150320240007268890007331171400000000000100000073311711402001201
200,09900401001100202408020140040940496052024041500090    I 0001000000737250000000000000000002000000000000102030020340940496150420240007309890007372501500000000000100000073725011402001301
200,09900401001100202408020140042382587092024061400091    I 0001000001029681000000000000000001000000000000102030020342382587140620240010296810010383281900000000000100000102968111402001401
200,09900401001100202408020160040818068012024041500092    I 0001000001977408000000000000000002000000000000102030020340818068150420240019613200019774081100000000000100000197740811602000101
200,09900401001100202408020160042310881092024051500093    I 0001000001386815000000000000000002000000000000102030020342310881150520240013764990013868151900000000000100000138681511602000201
200,09900401001100202408020160040800514092024041500094    I 0001000000889050000000000000000002000000000000102030020340800514150420240008815860008890501900000000000100000088905011602000301
200,09900401001100202408020160041577073082024050700095    I 0001000000199458000000000000000002000000000000102030020341577073070520240001974580001994581800000000000100000019945811602000401
200,09900401001100202408020160040801272022024041500096    I 0001000000266398000000000000000002000000000000102030020340801272150420240002638670002663981200000000000100000026639811602000501
200,09900401001100202408020160042311530052024051500097    I 0001000000826077000000000000000002000000000000102030020342311530150520240008197620008260771500000000000100000082607711602000601
200,09900401001100202408020160042337894032024051500098    I 0001000001974543000000000000000002000000000000102030020342337894150520240019600310019745431300000000000100000197454311602000701
200,09900401001100202408020160042308208072024051500099    I 0001000001675137000000000000000002000000000000102030020342308208150520240016627600016751371700000000000100000167513711602000801
200,09900401001100202408020160042309783032024051500100    I 0001000000768795000000000000000002000000000000102030020342309783150520240007628900007687951300000000000100000076879511602000901
200,09900401001100202408020160040819074092024041500101    I 0001000000113437000000000000000002000000000000102030020340819074150420240001121180001134371900000000000100000011343711602001001
200,09900401001100202408020160040819076002024041500102    I 0001000002209102000000000000000002000000000000102030020340819076150420240021911770022091021000000000000100000220910211602001101
200,09900401001100202408020160040800321022024031500103    I 0001000001522754000000000000000002000000000000102030020340800321150320240015102670015227541200000000000100000152275411602001201
200,09900401001100202408020160040800322002024041500104    I 0001000002000022000000000000000002000000000000102030020340800322150420240019837580020000221000000000000100000200002211602001301
200,09900401001100202408020160042337226012024051500105    I 0001000002706607000000000000000002000000000000102030020342337226150520240026868720027066071100000000000100000270660711602001401
200,09900401001100202408020420042779323002024060300106    I 0001000000547844000000000000000001000000000000102030020342779323030620240005478440005526401000000000000100000054784414202000101
200,09900401001100202408020420042779324022024070200107    I 0001000000547845000000000000000001000000000000102030020342779324020720240005478450005526431200000000000100000054784514202000201
200,09900401001100202408020620041298106042024050200108    I 0001000000700093000000000000000002000000000000102030020341298106020520240006935770007000931400000000000100000070009316202000101
200,09900401001100202408020620041917120042024050200109    I 0001000001629589000000000000000002000000000000102030020341917120020520240016149780016295891400000000000100000162958916202000201
200,09900401001100202408020620041572493042024050700110    I 0001000000966191000000000000000002000000000000102030020341572493070520240009581180009661911400000000000100000096619116202000301
200,09900401001100202408020620042793608012024060300111    I 0001000000224830000000000000000001000000000000102030020342793608030620240002248300002270491100000000000100000022483016202000401
200,09900401001100202408020620042793609002024070200112    I 0001000000226834000000000000000001000000000000102030020342793609020720240002268340002290681000000000000100000022683416202000501
200,09900401001100202408020620042369745082024051500113    I 0001000011598062000000000000000002000000000000102030020342369745150520240115148760115980621800000000000100001159806216202000601
200,09900401001100202408020620042369746072024061400114    I 0001000014421186000000000000000001000000000000102030020342369746140620240144211860145367771700000000000100001442118616202000701
200,09900401001100202408020620042369749042024051500115    I 0001000003245831000000000000000002000000000000102030020342369749150520240032222480032458311400000000000100000324583116202000801
200,09900401001100202408020620042369750012024061400116    I 0001000004065060000000000000000001000000000000102030020342369750140620240040650600040979481100000000000100000406506016202000901
200,09900401001100202408020620042369752062024061400117    I 0001000003089290000000000000000001000000000000102030020342369752140620240030892900031143841600000000000100000308929016202001001
200,09900401001100202408020620042369751032024051500118    I 0001000002457243000000000000000002000000000000102030020342369751150520240024392880024572431300000000000100000245724316202001101
200,09900401001100202408020720042325047062024061400119    I 0001000001183823000000000000000001000000000000102030020342325047140620240011838230011936991600000000000100000118382317202000101
200,09900401001100202408020720042325046012024051500120    I 0001000001240384000000000000000002000000000000102030020342325046150520240012311110012403841100000000000100000124038417202000201
200,09900401001100202408020130041570215022024050700121    I 0002000001077172000000000000000002000000000000102030020341570215070520240010682180010771721200000000000100000107717221302000101
200,09900401001100202408020130040824017062024031500122    I 0002000001825382000000000000000002000000000000102030020340824017150320240018104990018253821600000000000100000182538221302000201
200,09900401001100202408020130039476580032024021400123    I 0002000001802513000000000000000002000000000000102030020339476580140220240017849840018025131300000000000100000180251321302000301
200,09900401001100202408020130042312817012024051500124    I 0002000003334259000000000000000002000000000000102030020342312817150520240033100440033342591100000000000100000333425921302000401
200,09900401001100202408020130042777190012024070200125    I 0002000000457304000000000000000001000000000000102030020342777190020720240004573040004613781100000000000100000045730421302000501
200,09900401001100202408020130042777189092024060300126    I 0002000000374659000000000000000001000000000000102030020342777189030620240003746590003780751900000000000100000037465921302000601
200,09900401001100202408020150041554371012024050700127    I 0002000004793919000000000000000002000000000000102030020341554371070520240047555180047939191100000000000100000479391921502000101
200,09900401001100202408020150041555423022024040800128    I 0002000001777058000000000000000002000000000000102030020341555423080420240017625570017770581200000000000100000177705821502000201
200,09900401001100202408020150041576388052024050700129    I 0002000001599368000000000000000002000000000000102030020341576388070520240015862760015993681500000000000100000159936821502000301
200,09900401001100202408020150041445761002024050200130    I 0002000005292241000000000000000002000000000000102030020341445761020520240052457360052922411000000000000100000529224121502000401
200,09900401001100202408020460042314740092024061400131    I 0002000000360748000000000000000001000000000000102030020342314740140620240003607480003640501900000000000100000036074824602000101
200,09900401001100202408020460042314739072024051500132    I 0002000000349180000000000000000002000000000000102030020342314739150520240003462690003491801700000000000100000034918024602000201
200,09900401001100202408020460041768516022024050200133    I 0002000000207703000000000000000002000000000000102030020341768516020520240002054730002077031200000000000100000020770324602000301
200,09900401001100202408020460043018061022024060300134    I 0002000000506970000000000000000001000000000000102030020343018061030620240005069700005114431200000000000100000050697024602000401
200,09900401001100202408020460043018062092024070200135    I 0002000000487421000000000000000001000000000000102030020343018062020720240004874210004917371900000000000100000048742124602000501
200,09900401001100202408020460042313804072024051500136    I 0002000002471561000000000000000002000000000000102030020342313804150520240024535020024715611700000000000100000247156124602000601
200,09900401001100202408020460042323961072024051500137    I 0002000005200968000000000000000002000000000000102030020342323961150520240051634310052009681700000000000100000520096824602000701
200,09900401001100202408020460042285811022024051500138    I 0002000001999491000000000000000002000000000000102030020342285811150520240019848030019994911200000000000100000199949124602000801
200,09900401001100202408020460042333137092024051500139    I 0002000000979728000000000000000002000000000000102030020342333137150520240009723170009797281900000000000100000097972824602000901
200,09900401001100202408020460041303530082024040300140    I 0002000002281567000000000000000002000000000000102030020341303530030420240022594890022815671800000000000100000228156724602001001
200,09900401001100202408020460041766003092024060300141    I 0002000000553345000000000000000001000000000000102030020341766003030620240005533450005581861900000000000100000055334524602001101
200,09900401001100202408020460041778620082024050200142    I 0002000001712031000000000000000002000000000000102030020341778620020520240016967020017120311800000000000100000171203124602001201
200,09900401001100202408020460042285037072024051500143    I 0002000001642164000000000000000002000000000000102030020342285037150520240016300250016421641700000000000100000164216424602001301
200,09900401001100202408020460040780736012024031500144    I 0002000001072528000000000000000002000000000000102030020340780736150320240010636100010725281100000000000100000107252824602001401
200,09900401001100202408020460039807240022024030100145    I 0002000000604567000000000000000002000000000000102030020339807240010320240005993580006045671200000000000100000060456724602001501
200,09900401001100202408020460041316338082024040300146    I 0002000000625551000000000000000002000000000000102030020341316338030420240006191950006255511800000000000100000062555124602001601
200,09900401001100202408020460041316339012024050200147    I 0002000000680757000000000000000002000000000000102030020341316339020520240006744070006807571100000000000100000068075724602001701
200,09900401001100202408020460040403152022024040300148    I 0002000001057966000000000000000002000000000000102030020340403152030420240010508290010579661200000000000100000105796624602001801
200,09900401001100202408020460041460783052024040300149    I 0002000002251820000000000000000002000000000000102030020341460783030420240022300270022518201500000000000100000225182024602001901
200,09900401001100202408020460042293091072024051500150    I 0002000000198466000000000000000002000000000000102030020342293091150520240001966270001984661700000000000100000019846624602002001
200,09900401001100202408020460042293092032024061400151    I 0002000000201661000000000000000001000000000000102030020342293092140620240002016610002036961300000000000100000020166124602002101
200,09900401001100202408020460041316411072024050200152    I 0002000001497304000000000000000002000000000000102030020341316411020520240014838460014973041700000000000100000149730424602002201
200,09900401001100202408020460042369273022024051500153    I 0002000000282699000000000000000002000000000000102030020342369273150520240002802610002826991200000000000100000028269924602002301
200,09900401001100202408020460042369274022024061400154    I 0002000000276102000000000000000001000000000000102030020342369274140620240002761020002787291200000000000100000027610224602002401
200,09900401001100202408020460042327689042024051500155    I 0002000000393676000000000000000002000000000000102030020342327689150520240003904450003936761400000000000100000039367624602002501
200,09900401001100202408020460041578654052024050700156    I 0002000001376817000000000000000002000000000000102030020341578654070520240013654900013768171500000000000100000137681724602002601
200,09900401001100202408020460042284559032024051500157    I 0002000000203526000000000000000002000000000000102030020342284559150520240002016540002035261300000000000100000020352624602002701
200,09900401001100202408020460042338034002024051500158    I 0002000002498504000000000000000002000000000000102030020342338034150520240024802550024985041000000000000100000249850424602002801
200,09900401001100202408020460041309852082024040300159    I 0002000006720161000000000000000002000000000000102030020341309852030420240066559520067201611800000000000100000672016124602002901
200,09900401001100202408020460042311972042024051500160    I 0002000000264556000000000000000002000000000000102030020342311972150520240002622460002645561400000000000100000026455624602003001
200,09900401001100202408020460041560221012024050700161    I 0002000002737766000000000000000002000000000000102030020341560221070520240027156570027377661100000000000100000273776624602003101
200,09900401001100202408020460041766439052024050200162    I 0002000000363485000000000000000002000000000000102030020341766439020520240003599000003634851500000000000100000036348524602003201
200,09900401001100202408020460041303745062024050200163    I 0002000001656768000000000000000002000000000000102030020341303745020520240016419210016567681600000000000100000165676824602003301
200,09900401001100202408020460041288440022024040300164    I 0002000005615672000000000000000002000000000000102030020341288440030420240055619470056156721200000000000100000561567224602003401
200,09900401001100202408020460036947474062023100200165    I 0002000000642906000000000000000002000000000000102030020336947474021020230006373930006429061600000000000100000064290624602003501
200,09900401001100202408020460036947475072023110300166    I 0002000000981471000000000000000002000000000000102030020336947475031120230009732760009814711700000000000100000098147124602003601
200,09900401001100202408020460041714687042024032200167    I 0002000005695733000000000000000002000000000000102030020341714687220320240056947230056957331400000000000100000569573324602003701
200,09900401001100202408020460043100163032024080200168    I 0002000000217603000000000000000001000000000000102010020343100163220520240002176030002176031300000000000100000021760324602003801
200,09900401001100202408020460043100554032024080200169    I 0002000000084000000000000000000001000000000000102010020343100554220520240000840000000840001300000000000100000008400024602003901
200,09900401001100202408020460043100556072024080200170    I 0002000000066146000000000000000001000000000000102010020343100556220520240000661460000661461700000000000100000006614624602004001
200,09900401001100202408020460043100555072024080200171    I 0002000001640000000000000000000001000000000000102010020343100555220520240016400000016400001700000000000100000164000024602004101
200,09900401001100202408020460042367340052024051500172    I 0002000000418942000000000000000002000000000000102030020342367340150520240004155320004189421500000000000100000041894224602004201
200,09900401001100202408020460041772121012024050200173    I 0002000000699699000000000000000002000000000000102030020341772121020520240006931870006996991100000000000100000069969924602004301
200,09900401001100202408020460041772122072024060300174    I 0002000000417046000000000000000001000000000000102030020341772122030620240004170460004207991700000000000100000041704624602004401
200,09900401001100202408020460043100415062024080200175    I 0002000003820000000000000000000001000000000000102010020343100415220520240038200000038200001600000000000100000382000024602004501
200,09900401001100202408020460040939493022024041500176    I 0002000002112059000000000000000002000000000000102030020340939493150420240020949050021120591200000000000100000211205924602004601
200,09900401001100202408020460001032515002024060300177    I 0002000137257451000000000000000001000000000000102031020301032515030620241372574511384360301000000000000100013725745124602004701
200,09900401001100202408020460042372883062024051500178    I 0002000001106811000000000000000002000000000000102030020342372883150520240010984930011068111600000000000100000110681124602004801
200,09900401001100202408020460042372884032024061400179    I 0002000001057208000000000000000001000000000000102030020342372884140620240010572080010660751300000000000100000105720824602004901
200,09900401001100202408020460040014027052024020100180    I 0002000000351435000000000000000002000000000000102030020340014027010220240003487840003514351500000000000100000035143524602005001
200,09900401001100202408020460040014028012024030100181    I 0002000000376153000000000000000002000000000000102030020340014028010320240003727520003761531100000000000100000037615324602005101
200,09900401001100202408020460043100416072024080200182    I 0002000000278210000000000000000001000000000000102010020343100416220520240002782100002782101700000000000100000027821024602005201
200,09900401001100202408020460043100414082024080200183    I 0002000000346889000000000000000001000000000000102010020343100414220520240003468890003468891800000000000100000034688924602005301
200,09900401001100202408020460042289459022024051500184    I 0002000001397907000000000000000002000000000000102030020342289459150520240013875080013979071200000000000100000139790724602005401
200,09900401001100202408020460042289301052024051500185    I 0002000002279818000000000000000002000000000000102030020342289301150520240022594600022798181500000000000100000227981824602005501
200,09900401001100202408020460041563084032024050700186    I 0002000003497683000000000000000002000000000000102030020341563084070520240034695520034976831300000000000100000349768324602005601
200,09900401001100202408020460042329870022024051500187    I 0002000000998692000000000000000002000000000000102030020342329870150520240009911460009986921200000000000100000099869224602005701
200,09900401001100202408020460042329871012024061400188    I 0002000000952611000000000000000001000000000000102030020342329871140620240009526110009606421100000000000100000095261124602005801
200,09900401001100202408020460041777348072024050200189    I 0002000000085851000000000000000002000000000000102030020341777348020520240000846830000858511700000000000100000008585124602005901
200,09900401001100202408020460041777349042024060300190    I 0002000000137993000000000000000001000000000000102030020341777349030620240001379930001395181400000000000100000013799324602006001
200,09900401001100202408020460042933006042024070200191    I 0002000000135343000000000000000001000000000000102030020342933006020720240001353430001368471400000000000100000013534324602006101
200,09900401001100202408020460042933007042024080100192    I 0002000000135840000000000000000001000000000000102030020342933007010820240001358400001374571400000000000100000013584024602006201
200,09900401001100202408020460041318536092024050200193    I 0002000002541341000000000000000002000000000000102030020341318536020520240025187910025413411900000000000100000254134124602006301
200,09900401001100202408020460040820781002024031500194    I 0002000001853613000000000000000002000000000000102030020340820781150320240018385100018536131000000000000100000185361324602006401
200,09900401001100202408020460001017263082024051500195    I 0002000009087439000000000000000002000000000000102031020301017263150520240090185170090874391800000000000100000908743924602006501
200,09900401001100202408020460040801941042024031500196    I 0002000000511411000000000000000002000000000000102030020340801941150320240005069390005114111400000000000100000051141124602006601
200,09900401001100202408020490042285027072024051500197    I 0002000000806384000000000000000002000000000000102030020342285027150520240008002110008063841700000000000100000080638424902000101
200,09900401001100202408020490041917279092024060300198    I 0002000001891218000000000000000001000000000000102030020341917279030620240018912180019067461900000000000100000189121824902000201
200,09900401001100202408020490042310006042024051500199    I 0002000000570107000000000000000002000000000000102030020342310006150520240005656180005701071400000000000100000057010724902000301
200,09900401001100202408020490041308960022024040300200    I 0002000000412376000000000000000002000000000000102030020341308960030420240004080410004123761200000000000100000041237624902000401
200,09900401001100202408020490041308961072024050200201    I 0002000000466530000000000000000002000000000000102030020341308961020520240004620470004665301700000000000100000046653024902000501
200,09900401001100202408020490041317892062024040300202    I 0002000000220941000000000000000002000000000000102030020341317892030420240002184240002209411600000000000100000022094124902000601
200,09900401001100202408020490041317893092024050200203    I 0002000000295728000000000000000002000000000000102030020341317893020520240002927320002957281900000000000100000029572824902000701
200,09900401001100202408020490041308963062024050200204    I 0002000000224434000000000000000002000000000000102030020341308963020520240002220580002244341600000000000100000022443424902000801
200,09900401001100202408020490041308962092024040300205    I 0002000000158155000000000000000002000000000000102030020341308962030420240001562340001581551900000000000100000015815524902000901
200,09900401001100202408020490041305917052024050200206    I 0002000007827950000000000000000002000000000000102030020341305917020520240077458800078279501500000000000100000782795024902001001
200,09900401001100202408020490041305916062024040300207    I 0002000007091950000000000000000002000000000000102030020341305916030420240070108990070919501600000000000100000709195024902001101
200,09900401001100202408020490000989267012024050200208    I 0002000004504474000000000000000002000000000000102031020300989267020520240044628800045044741100000000000100000450447424902001201
200,09900401001100202408020490041296416012024050200209    I 0002000000142658000000000000000002000000000000102030020341296416020520240001409950001426581100000000000100000014265824902001301
200,09900401001100202408020490041683077022024060300210    I 0002000000736231000000000000000001000000000000102030020341683077030620240007362310007425341200000000000100000073623124902001401
200,09900401001100202408020490042770004032024060300211    I 0002000000752225000000000000000001000000000000102030020342770004030620240007522250007586571300000000000100000075222524902001501
200,09900401001100202408020490042772649092024060300212    I 0002000002026091000000000000000001000000000000102030020342772649030620240020260910020426971900000000000100000202609124902001601
200,09900401001100202408020490001016348062024051500213    I 0002000000542650000000000000000002000000000000102031020301016348150520240005377050005426501600000000000100000054265024902001701
200,09900401001100202408020490041295590012024050200214    I 0002000000380514000000000000000002000000000000102030020341295590020520240003767800003805141100000000000100000038051424902001801
200,09900401001100202408020490042313908012024051500215    I 0002000000530731000000000000000002000000000000102030020342313908150520240005265210005307311100000000000100000053073124902001901
200,09900401001100202408020490041294364092024050200216    I 0002000001368306000000000000000002000000000000102030020341294364020520240013559720013683061900000000000100000136830624902002001
200,09900401001100202408020490041559350062024040800217    I 0002000000478657000000000000000002000000000000102030020341559350080420240004744440004786571600000000000100000047865724902002101
200,09900401001100202408020490041559353062024050700218    I 0002000000500695000000000000000002000000000000102030020341559353070520240004963080005006951600000000000100000050069524902002201
200,09900401001100202408020490041312256002024050200219    I 0002000000242953000000000000000002000000000000102030020341312256020520240002404170002429531000000000000100000024295324902002301
200,09900401001100202408020490041312255042024040300220    I 0002000000156488000000000000000002000000000000102030020341312255030420240001545810001564881400000000000100000015648824902002401
200,09900401001100202408020490041574059012024040800221    I 0002000000854773000000000000000002000000000000102030020341574059080420240008475800008547731100000000000100000085477324902002501
200,09900401001100202408020490041574060002024050700222    I 0002000000891279000000000000000002000000000000102030020341574060070520240008837980008912791000000000000100000089127924902002601
200,09900401001100202408020490040824014012024041500223    I 0002000000314205000000000000000002000000000000102030020340824014150420240003112950003142051100000000000100000031420524902002701
200,09900401001100202408020490042333820062024061400224    I 0002000000295503000000000000000001000000000000102030020342333820140620240002955030002982861600000000000100000029550324902002801
200,09900401001100202408020490041441845052024040300225    I 0002000001892997000000000000000002000000000000102030020341441845030420240018746090018929971500000000000100000189299724902002901
200,09900401001100202408020490041441846062024050200226    I 0002000001989312000000000000000002000000000000102030020341441846020520240019715710019893121600000000000100000198931224902003001
200,09900401001100202408020490043185219062024080200227    I 0002000007000000000000000000000001000000000000102010020343185219220520240070000000070000001600000000000100000700000024902003101
200,09900401001100202408020490040817733052024031500228    I 0002000001197692000000000000000002000000000000102030020340817733150320240011877850011976921500000000000100000119769224902003201
200,09900401001100202408020490042373704022024051500229    I 0002000007739924000000000000000002000000000000102030020342373704150520240076842710077399241200000000000100000773992424902003401
200,09900401001100202408020490042377895082024051500230    I 0002000001626998000000000000000002000000000000102030020342377895150520240016149670016269981800000000000100000162699824902003501
200,09900401001100202408020490042336062012024051500231    I 0002000000804595000000000000000002000000000000102030020342336062150520240007984340008045951100000000000100000080459524902003601
200,09900401001100202408020490042322895092024061400232    I 0002000001128773000000000000000001000000000000102030020342322895140620240011287730011382121900000000000100000112877324902003701
200,09900401001100202408020620040815054052024041500233    I 0002000000802715000000000000000002000000000000102030020340815054150420240007959330008027151500000000000100000080271526202000101
200,09900401001100202408020620040815053022024031500234    I 0002000000696665000000000000000002000000000000102030020340815053150320240006907240006966651200000000000100000069666526202000201
200,09900401001100202408020620040785941062024041500235    I 0002000008280508000000000000000002000000000000102030020340785941150420240082144830082805081600000000000100000828050826202000301
200,09900401001100202408020620040813510012024041500236    I 0002000003010382000000000000000002000000000000102030020340813510150420240029861120030103821100000000000100000301038226202000401
200,09900401001100202408020620042323417092024051500237    I 0002000001980086000000000000000002000000000000102030020342323417150520240019655350019800861900000000000100000198008626202000601
200,09900401001100202408020620042311833052024051500238    I 0002000000548626000000000000000002000000000000102030020342311833150520240005442930005486261500000000000100000054862626202000701
200,09900401001100202408020620042311834092024061400239    I 0002000000524741000000000000000001000000000000102030020342311834140620240005247410005293551900000000000100000052474126202000801
200,09900401001100202408020620041293180082024050200240    I 0002000003540499000000000000000002000000000000102030020341293180020520240035092470035404991800000000000100000354049926202000901
200,09900401001100202408020620041446188012024050200241    I 0002000003155271000000000000000002000000000000102030020341446188020520240031215940031552711100000000000100000315527126202001001
200,09900401001100202408020620041316975022024050200242    I 0002000001935281000000000000000002000000000000102030020341316975020520240019180120019352811200000000000100000193528126202001101
200,09900401006303202408020010001796802582024052000243    I 0001000000240668000000000288210003000000000000103000017968025824051002366201037001000000000000000000000100000024066810103000100
200,09900401006303202408020010001795496202024042200244    I 0001000000710012000000012508210003000000000000103000017954962024041206879421069351000000000000000000000100000071001210103000200
200,09900401006303202408020010001797913542024052000245    I 0001000000288004000000000345210003000000000000103000017979135424051002847161028711000000000000000000000100000028800410103000300
200,09900401006303202408020010001796681112024052000246    I 0001000000199535000000000239210003000000000000103000017966811124051001972571019891000000000000000000000100000019953510103000400
200,09900401006303202408020010001800113922024061100247    I 0001000000197257000000000000210001000000000000103000018001139224061101972571019891000000000000000000000100000019725710103000500
200,09900401006303202408020010001793475292024042200248    I 0001000000203585000000003586210003000000000000103000017934752924041201972571019891000000000000000000000100000020358510103000600
200,09900401006303202408020010001797626992024052000249    I 0001000000260527000000000312210003000000000000103000017976269924051002575521025971000000000000000000000100000026052710103000700
200,09900401006303202408020010001794636112024042200250    I 0001000000265815000000004683210003000000000000103000017946361124041202575521025971000000000000000000000100000026581510103000800
200,09900401006303202408020010001797627022024052000251    I 0001000000260527000000000312210003000000000000103000017976270224051002575521025971000000000000000000000100000026052710103000900
200,09900401006303202408020010001797627032024052000252    I 0001000000260527000000000312210003000000000000103000017976270324051002575521025971000000000000000000000100000026052710103001000
200,09900401006303202408020010001797627052024052000253    I 0001000000260527000000000312210003000000000000103000017976270524051002575521025971000000000000000000000100000026052710103001100
200,09900401006303202408020010001797627072024052000254    I 0001000000260527000000000312210003000000000000103000017976270724051002575521025971000000000000000000000100000026052710103001200
200,09900401006303202408020010001797627082024052000255    I 0001000000260527000000000312210003000000000000103000017976270824051002575521025971000000000000000000000100000026052710103001300
200,09900401006303202408020010001799522942024052000256    I 0001000000240668000000000288210003000000000000103000017995229424051002366201037001000000000000000000000100000024066810103001500
200,09900401006303202408020010001802561782024061100257    I 0001000000236620000000000000210001000000000000103000018025617824061102366201037001000000000000000000000100000023662010103001600
200,09900401006303202408020010001797234442024052000258    I 0001000000399068000000000478210003000000000000103000017972344424051003945141039761000000000000000000000100000039906810103001700
200,09900401006303202408020010001769282932023092100259    I 0001000001031108000000127288270003000000000000103000017692829323091108603506091021000000000000000000000100000103110810103001800
200,09900401006303202408020010001766035272023082400260    I 0001000000862218000000116556270003000000000000103000017660352723081407067146074781000000000000000000000100000086221810103001900
200,09900401006303202408020010001797186412024052000261    I 0001000000240668000000000288210003000000000000103000017971864124051002366201037001000000000000000000000100000024066810103002000
200,09900401006303202408020010001800093052024061100262    I 0001000000236620000000000000210001000000000000103000018000930524061102366201037001000000000000000000000100000023662010103002100
200,09900401006303202408020010001779492892023122100263    I 0001000000668314000000055218210003000000000000103000017794928923121105954971060031000000000000000000000100000066831410103002200
200,09900401006303202408020010001782856732024012200264    I 0001000000654339000000043669210003000000000000103000017828567324011205954971060031000000000000000000000100000065433910103002300
200,09900401006303202408020050001800123982024061100265    I 0001000000394514000000000000210001000000000000103000018001239824061103945141039761000000000000000000000100000039451410503000100
200,09900401006303202408020050001796960292024052000266    I 0001000000399068000000000478210003000000000000103000017969602924051003945141039761000000000000000000000100000039906810503000200
200,09900401006303202408020080001786402112024021900267    I 0001000002552376000000133415210003000000000000103000017864021124020923670861238581000000000000000000000100000255237610803000100
200,09900401006303202408020080001790354592024032100268    I 0001000002498565000000088943210003000000000000103000017903545924031123670861238581000000000000000000000100000249856510803000200
200,09900401006303202408020080001793332412024042200269    I 0001000002443019000000043037210003000000000000103000017933324124041223670861238581000000000000000000000100000244301910803000300
200,09900401006303202408020080001784652142024012200270    I 0001000000528930000000035299210003000000000000103000017846521424011204813661048521000000000000000000000100000052893010803000400
200,09900401006303202408020080001788357782024021900271    I 0001000000519047000000027131210003000000000000103000017883577824020904813661048521000000000000000000000100000051904710803000500
200,09900401006303202408020080001797197132024052000272    I 0001000000632601000000000758270003000000000000103000017971971324051006250256066131000000000000000000000100000063260110803000600
200,09900401006303202408020080001797858942024052000273    I 0001000000288004000000000345210003000000000000103000017978589424051002847161028711000000000000000000000100000028800410803000700
200,09900401006303202408020080001798213682024052000274    I 0001000000243462000000000292210003000000000000103000017982136824051002406831024261000000000000000000000100000024346210803000800
200,09900401006303202408020110001747132452023022300275    I 0001000000219341000000044937210003000000000000103000017471324523021301633211016461000000000000000000000100000021934111103000100
200,09900401006303202408020110001750032742023032000276    I 0001000000216347000000042463210003000000000000103000017500327423031001633211016461000000000000000000000100000021634711103000200
200,09900401006303202408020140001802358602024061100277    I 0001000000277246000000000000210001000000000000103000018023586024061102772461045801000000000000000000000100000027724611403000100
200,09900401006303202408020140001802358602024061100278    I 0001000000277246000000000000210001000000000000103000018023586024061102772461045801000000000000000000000100000027724611403000200
200,09900401006303202408020140001797823082024052000279    I 0001000000450171000000000539210003000000000000103000017978230824051004450341044851000000000000000000000100000045017111403000300
200,09900401006303202408020140001797265012024052000280    I 0001000000243462000000000292210003000000000000103000017972650124051002406831024261000000000000000000000100000024346211403000700
200,09900401006303202408020140001800476772024061100281    I 0001000000240683000000000000210001000000000000103000018004767724061102406831024261000000000000000000000100000024068311403000800
200,09900401006303202408020140001797968422024052000282    I 0001000000450171000000000539210003000000000000103000017979684224051004450341044851000000000000000000000100000045017111403000900
200,09900401006303202408020140001789176442024021900283    I 0001000000263011000000013748210003000000000000103000017891764424020902426151037611000000000000000000000100000026301111403001000
200,09900401006303202408020140001783081122024012200284    I 0001000000268019000000017887210003000000000000103000017830811224011202426151037611000000000000000000000100000026801911403001100
200,09900401006303202408020140001794837052024042200285    I 0001000000277473000000004888210003000000000000103000017948370524041202670821044771000000000000000000000100000027747311403001200
200,09900401006303202408020140001797916222024052000286    I 0001000000271953000000000326210003000000000000103000017979162224051002670821044771000000000000000000000100000027195311403001300
200,09900401006303202408020140001788294902024021900287    I 0001000000519047000000027131210003000000000000103000017882949024020904813661048521000000000000000000000100000051904711403001400
200,09900401006303202408020140001798043872024052000288    I 0001000000271953000000000326210003000000000000103000017980438724051002670821044771000000000000000000000100000027195311403001500
200,09900401006303202408020140001799518562024052000289    I 0001000000399068000000000478210003000000000000103000017995185624051003945141039761000000000000000000000100000039906811403001600
200,09900401006303202408020140001044964232024052000290    I 0001000000632601000000000758270003000000000000103100010449642324051006250253066131000000000000000000000100000063260111403001700
200,09900401006303202408020140001797924912024052000291    I 0001000000486923000000000583210003000000000000103000017979249124051004813661048521000000000000000000000100000048692311403001800
200,09900401006303202408020140001802495802024061100292    I 0001000000267082000000000000210001000000000000103000018024958024061102670821044771000000000000000000000100000026708211403001900
200,09900401006303202408020160001799646562024052000293    I 0001000000690091000000000827210003000000000000103000017996465624051006822141068761000000000000000000000100000069009111603000300
200,09900401006303202408020160001799646582024052000294    I 0001000000399068000000000478210003000000000000103000017996465824051003945141039761000000000000000000000100000039906811603000400
200,09900401006303202408020160001797696502024052000295    I 0001000000243462000000000292210003000000000000103000017976965024051002406831024261000000000000000000000100000024346211603000500
200,09900401006303202408020160001799642592024052000296    I 0001000000400083000000000479210003000000000000103000017996425924051003955171039861000000000000000000000100000040008311603000600
200,09900401006303202408020160001796569632024052000297    I 0001000000199535000000000239210003000000000000103000017965696324051001972571019891000000000000000000000100000019953511603000700
200,09900401006303202408020160001799842012024061100298    I 0001000000197257000000000000210001000000000000103000017998420124061101972571019891000000000000000000000100000019725711603000800
200,09900401006303202408020160001793475452024042200299    I 0001000000297095000000005234210003000000000000103000017934754524041202878601029021000000000000000000000100000029709511603000900
200,09900401006303202408020160001796674152024052000300    I 0001000000399068000000000478210003000000000000103000017966741524051003945141039761000000000000000000000100000039906811603001000
200,09900401006303202408020620001774911212023102000301    I 0001000000519684000000057988210003000000000000103000017749112123101004450341044851000000000000000000000100000051968416203000100
200,09900401006303202408020620001778057722023112300302    I 0001000000508589000000048818210003000000000000103000017780577223111304450341044851000000000000000000000100000050858916203000200
200,09900401006303202408020620001793534242024042200303    I 0001000000407169000000007173210003000000000000103000017935342424041203945141039761000000000000000000000100000040716916203000300
200,09900401006303202408020620001800238422024061100304    I 0001000000394514000000000000210001000000000000103000018002384224061103945141039761000000000000000000000100000039451416203000400
200,09900401006303202408020620001796651582024052000305    I 0001000000399068000000000478210003000000000000103000017966515824051003945141039761000000000000000000000100000039906816203000500
200,09900401006303202408020620001798675352024052000306    I 0001000000399068000000000478210003000000000000103000017986753524051003945141039761000000000000000000000100000039906816203000600
200,09900401006303202408020620001795487662024042200307    I 0001000000407169000000007173210003000000000000103000017954876624041203945141039761000000000000000000000100000040716916203000700
200,09900401006303202408020620001795486172024042200308    I 0001000000646077000000011369270003000000000000103000017954861724041206250256066131000000000000000000000100000064607716203000800
200,09900401006303202408020720001797209512024052000309    I 0001000002967190000000003555210003000000000000103000017972095124051029333221295661000000000000000000000100000296719017203000100
200,09900401006303202408020720001799262972024052000310    I 0001000000838190000000001004270003000000000000103000017992629724051008281556087601000000000000000000000100000083819017203000200
200,09900401006303202408020720001799380822024052000311    I 0001000001368805000000001640210003000000000000103000017993808224051013531831136381000000000000000000000100000136880517203000300
200,09900401006303202408020720001797768862024052000312    I 0001000001381541000000001655270003000000000000103000017977688624051013649996144401000000000000000000000100000138154117203000400
200,09900401006303202408020720001796883472024052000313    I 0001000000715280000000000857270003000000000000103000017968834724051007067146074781000000000000000000000100000071528017203000500
200,09900401006303202408020130001796871182024052000314    I 0002000000399068000000000478210003000000000000103000017968711824051003945141039761000000000000000000000100000039906821303000100
200,09900401006303202408020150001794668672024042200315    I 0002000000531627000000009365210003000000000000103000017946686724041205151031051921000000000000000000000100000053162721503000100
200,09900401006303202408020150001794662922024042200316    I 0002000000447175000000007878210003000000000000103000017946629224041204332761043671000000000000000000000100000044717521503000200
200,09900401006303202408020460001792843322024032100317    I 0002000000416427000000014824210003000000000000103000017928433224031103945141039761000000000000000000000100000041642724603000100
200,09900401006303202408020460001797846442024052000318    I 0002000000288004000000000345210003000000000000103000017978464424051002847161028711000000000000000000000100000028800424603000200
200,09900401006303202408020460001791147062024032100319    I 0002000000572388000000020376210003000000000000103000017911470624031105422671054661000000000000000000000100000057238824603000300
200,09900401006303202408020460001797646022024052000320    I 0002000000548528000000000657210003000000000000103000017976460224051005422671054661000000000000000000000100000054852824603000400
200,09900401006303202408020460001793360732024042200321    I 0002000000250715000000004417210003000000000000103000017933607324041202416201037501000000000000000000000100000025071524603000500
200,09900401006303202408020460001792779262024032100322    I 0002000000416427000000014824210003000000000000103000017927792624031103945141039761000000000000000000000100000041642724603000600
200,09900401006303202408020460001796131662024042200323    I 0002000000407169000000007173210003000000000000103000017961316624041203945141039761000000000000000000000100000040716924603000700
200,09900401006303202408020460001799214102024052000324    I 0002000000399068000000000478210003000000000000103000017992141024051003945141039761000000000000000000000100000039906824603000800
200,09900401006303202408020460001797769132024052000325    I 0002000000641147000000000768210003000000000000103000017977691324051006338301063881000000000000000000000100000064114724603000900
200,09900401006303202408020460001802246392024061100326    I 0002000000163992000000000000210001000000000000103000018022463924061101639921025461000000000000000000000100000016399224603001000
200,09900401006303202408020460001797963482024052000327    I 0002000000260527000000000312210003000000000000103000017979634824051002575521025971000000000000000000000100000026052724603001100
200,09900401006303202408020460001796016812024042200328    I 0002000001233509000000021730210003000000000000103000017960168124041211951691120471000000000000000000000100000123350924603001200
200,09900401006303202408020490001796651962024052000329    I 0002000000632601000000000758270003000000000000103000017966519624051006250256066131000000000000000000000100000063260124903000100
200,09900401006303202408020490001800209292024061100330    I 0002000000575720000000000000210001000000000000103000018002092924061105757201058021000000000000000000000100000057572024903000200
200,09900401006303202408020490001800210932024061100331    I 0002000000777250000000000000210001000000000000103000018002109324061107772501078351000000000000000000000100000077725024903000300
200,09900401006303202408020490001800327852024061100332    I 0002000000625025000000000000270001000000000000103000018003278524061106250256066131000000000000000000000100000062502524903000400
200,09900401006303202408020490001796862572024052000333    I 0002000000399068000000000478210003000000000000103000017968625724051003945141039761000000000000000000000100000039906824903000500
200,09900401006303202408020490001803316822024071200334    I 0002000000456106000000000000210001000000000000103000018033168224071204561061045971000000000000000000000100000045610624903000600
200,09900401006303202408020490001797157792024052000335    I 0002000000582367000000000698210003000000000000103000017971577924051005757201058021000000000000000000000100000058236724903000700
200,09900401006303202408020490001799855412024061100336    I 0002000000394514000000000000210001000000000000103000017998554124061103945141039761000000000000000000000100000039451424903000800
200,09900401006303202408020490001796475292024052000337    I 0002000000399068000000000478210003000000000000103000017964752924051003945141039761000000000000000000000100000039906824903000900
200,09900401006303202408020490001799506642024052000338    I 0002000000399068000000000478210003000000000000103000017995066424051003945141039761000000000000000000000100000039906824903001000
200,09900401006303202408020490001800437872024061100339    I 0002000000394514000000000000210001000000000000103000018004378724061103945141039761000000000000000000000100000039451424903001100
200,09900401006303202408020620001799509762024052000340    I 0002000000493570000000000591210003000000000000103000017995097624051004879381049171000000000000000000000100000049357026203000100
200,09900401006303202408020620001796637682024052000341    I 0002000001795041000000002151210003000000000000103000017966376824051017745531178851000000000000000000000100000179504126203000200
200,09900401006303202408020620001797803662024052000342    I 0002000001002074000000001201270003000000000000103000017978036624051009900776104721000000000000000000000100000100207426203000300
200,09900301017503202408020130000007001000000000000343    I 0001000003864000000000000000000000000000000000000000000000000000000000000000000000000000000000000000000100000386400011304700100
200,09900000000071202408020620101833446012024053100344    I 00020000002545550000000000000000020000002545550710101833446011505240025426631052400254555            00100000025455526205000100
200,09900000000073202408020010103904725712024053100345    I 00010000000249260000000000000000020000000249260730103904725711505240002455831052400024926            00100000002492610115000100
200,09900000000073202408020620107925809512024053100346    I 00010000006463280000000000000000020000006463280730107925809511505240064024931052400646328            00100000064632816215000100
200,09900000000073202408020040104689522712024052700347    I 00020000002635840000000000000000010000002635840730104689522712705240026358427052400263584            00100000026358420415000100
200,09900000000073202408020040104689522812024053100348    I 00020000002547230000000000000000020000002547230730104689522811505240025443231052400254723            00100000025472320415000200
200,09900000000073202408020040105780917312024053100349    I 00020000002904760000000000000000020000002904760730105780917311505240028965631052400290476            00100000029047620415000300
200,09900000000073202408020130103750429812024052500350    I 00020000004280640000000000000000010000004280640730103750429812505240042806425052400428064            00100000042806421315000100
200,09900000000073202408020130103750425612024052500351    I 00020000007638880000000000000000010000007638880730103750425612505240076388825052400763888            00100000076388821315000200
200,09900000000073202408020460104865907612024052700352    I 00020000003181530000000000000000010000003181530730104865907612705240031815327052400318153            00100000031815324615000100
200,09900000000073202408020460104865907712024052700353    I 00020000003071290000000000000000010000003071290730104865907712705240030712927052400307129            00100000030712924615000200
200,09900000000073202408020460104865907812024052700354    I 00020000003011930000000000000000010000003011930730104865907812705240030119327052400301193            00100000030119324615000300
200,09900000000073202408020460104865907912024053100355    I 00020000002915710000000000000000020000002915710730104865907911505240029073531052400291571            00100000029157124615000400
200,09900000000073202408020460104865908012024061500356    I 00020000002907350000000000000000010000002907350730104865908011506240029073530062400291571            00100000029073524615000500
200,09900000000073202408020460104204119612024052700357    I 00020000002878220000000000000000010000002878220730104204119612705240028782227052400287822            00100000028782224615000600
200,09900000000073202408020460104204119712024052700358    I 00020000002801070000000000000000010000002801070730104204119712705240028010727052400280107            00100000028010724615000700
200,09900000000073202408020460104204119812024052700359    I 00020000002704020000000000000000010000002704020730104204119812705240027040227052400270402            00100000027040224615000800
200,09900000000073202408020460104204119912024052700360    I 00020000002651760000000000000000010000002651760730104204119912705240026517627052400265176            00100000026517624615000900
200,09900000000073202408020460104204120012024053100361    I 00020000002562830000000000000000020000002562830730104204120011505240025596831052400256283            00100000025628324615001000
200,09900000000073202408020620107925109412024052600362    I 00020000005876230000000000000000010000005876230730107925109412605240058762326052400587623            00100000058762326215000100
