1202212080121                                                                                                                                                  
200000000010612800202201210000002393544053071155764020192100000236282201910157592480              000000003072                                                 
200000000010712800202201210000003556671020300201313081571710201900035243000035566713              000031308157                                                 
200000000010612800202201210000001090731020300201313063091710201900010778700010907312              000031306309                                                 
200000000010712800202201210000001130161020300201313061131710201900011169900011301615              000031306113                                                 
200000000010712800202201210000001901601020300201312833442009201900018823300019016013              000031283344                                                 
200000000001012800202201210000000054121020300201303704472908201900014155900014311118              000030370447                                                 
20000000001061280020220121000000005027128339991767692019100000000300020220120000348073360000000000000000000128                                                 
20000000001061280020220121000000004000128339991767692019100000000300020220120000348081450000000000000000000128                                                 
20000000001071280020220121000000212200008040300087181081119002122001                              004030008718                                                 
20000000001061280020220121000000003000128339991767692019100000000300020220120000348036500000000000000000000128                                                 
300000000001000000000137156                                                                                                                                    
